-----MATRIX A-----
A=
         2          9          6          7 
         5          6          5          3 
         6          5          9          2 
         2          7         10          8 
-----CALCULATING THE INVERSE OF A, B-----
B=
    -0.424      0.656     -0.306      0.202 
     0.493     -0.398      0.285     -0.353 
     0.113     -0.356       0.27    -0.0326 
    -0.466      0.629      -0.51      0.424 
Testing if A*B=Id: True
